2408
1720
1337
3294
3510
2419
2983
435
83
3502
219
673
791
624
936
640
3737
699
2712
1763
9
3349
1880
3326
1965
1509
131
3745
1813
1082
2474
2657
2461
2533
348
1656
1727
1991
792
3491
626
3780
3020
3113
3683
1815
2824
956
2190
735
3620
3032
2809
823
2827
1096
1677
2628
3523
616
146
999
3322
2981
1126
1842
1071
2944
570
2199
2297
1873
3401
540
3960
1832
2550
619
2902
303
2753
2918
2106
1196
2981
920
3753
163
3697
2726
473
3223
129
2852
243
113
3896
3747
3844
1657
1884
2985
352
2881
2511
2265
3924
3810
2981
2161
3175
925
2119
2035
2604
3780
3618
3739
518
1585
1100
3055
2904
1747
3157
148
3848
810
1702
1085
1615
968
3034
1791
3425
2935
2677
3584
1107
153
1956
1805
2765
107
3411
458
2830
2307
997
1989
2006
312
1587
2788
853
1632
1732
2492
3181
2740
1925
1955
486
912
838
349
3950
1079
2705
2739
1642
628
2023
1187
1726
187
2233
2416
3541
301
2720
409
1198
3706
3321
1000
1603
1473
833
3265
3063
3539
1000
3418
443
2006
853
1481
2941
1765
406
2616
1581
949
450
406
2957
3186
3470
3624
469
1032
712
2461
2464
1917
2451
2079
1559
1883
2367
260
3512
1164
3620
3588
1411
1054
2299
902
64
1190
921
211
1584
3136
2601
684
1710
1620
2405
3766
1410
597
3953
115
194
708
1876
1421
2917
433
755
2060
2374
3809
3884
2535
81
3435
2700
2679
1741
3964
2509
1542
3206
3450
1360
487
1205
166
3763
2335
783
2170
3823
3264
455
3890
272
1015
2017
744
1586
891
148
887
2804
3942
3706
993
1692
1121
3543
1708
2567
2071
3300
327
1355
235
2775
810
1323
262
2993
3931
3893
1416
1763
2349
2972
3200
1662
3075
2574
3223
1430
755
945
1094
81
3941
2654
3016
1426
2426
282
1961
125
2954
525
1534
2822
3206
2849
1615
3611
3100
1273
2063
1002
184
1675
428
3600
3879
3132
1794
3968
3255
118
2570
492
123
232
1711
1266
2763
2106
385
998
1383
2732
2626
3608
2268
3370
2494
3362
1535
1102
856
3505
631
722
384
2733
151
3536
896
1862
3369
440
854
1085
2886
3789
3547
1708
1153
1628
1026
3411
3396
410
1436
3200
625
121
2232
634
1099
1543
2473
3466
3566
324
1567
1127
2392
3517
3927
3548
619
1994
526
24
3371
1920
369
3186
321
3795
2736
1207
546
620
2608
3954
2442
3715
736
1974
1858
986
100
2283
1025
3637
237
3763
366
2585
2537
759
2531
1952
86
2259
109
3030
3442
1562
3504
3540
3983
3303
1319
2551
2
3458
3018
3931
1658
396
3944
89
77
2983
1363
2810
654
3140
2876
343
1467
1674
2067
783
1235
768
2224
260
3461
1463
720
626
3395
2871
3351
2893
3894
356
3060
1718
3595
1677
3202
3929
2698
3058
2730
1798
1607
2799
582
3018
3569
2697
3841
2858
3432
3539
58
1756
1005
2109
1831
3265
3505
1882
3221
3139
3407
1581
2862
3111
2997
1296
3060
1102
989
96
2473
3694
1659
1224
2833
1992
3919
2184
3471
1318
506
2209
3500
371
1677
2976
3287
534
3292
1893
1670
1453
2578
816
1018
3842
1694
167
449
2572
1996
3333
3028
2469
3854
3842
1
1699
2008
1627
67
758
2892
894
2477
701
2890
757
614
1797
3817
652
1805
3998
3427
1184
350
2332
3306
1382
3341
423
3928
1430
1167
2751
1381
1170
3961
1073
1842
3254
3392
2510
2626
3166
2655
2478
1768
46
342
3520
3706
2946
1071
3308
1125
947
957
776
2267
1283
2813
115
3592
1573
2654
2385
3043
1996
1245
3652
3647
3086
265
2115
3264
3444
6
2970
2250
1089
3917
2269
437
572
688
1994
2526
476
1530
3802
1399
1168
1077
2180
607
3624
3334
3951
748
1059
3635
2641
900
886
2596
2440
906
2421
3431
3604
2134
1953
3757
624
766
2894
3795
203
1968
3760
3803
2631
898
994
2392
3181
3904
1714
2793
2251
2692
3180
2364
396
3204
257
3700
2162
2501
1844
3397
658
1422
1890
3996
3980
3895
171
1884
2181
2560
3553
1955
451
1054
1004
2891
2820
2448
2295
460
1819
3376
2363
3774
1225
4
2597
2493
1428
2196
1799
2181
3590
3447
2648
669
2277
3558
1480
528
3754
498
2341
694
2944
3697
2755
3153
891
3155
3403
2867
3795
499
163
3037
1659
3337
2710
1730
1474
3676
3231
235
3558
2356
2263
2227
2608
3534
2457
1746
335
3337
1774
56
3796
3230
667
655
2632
3276
2851
1346
2950
2097
89
156
760
949
3686
1417
593
1951
2739
3098
2148
1835
1748
3268
3456
212
1873
263
1257
3307
3218
1932
883
873
2375
3304
3197
3873
2449
2654
552
558
1393
3104
1651
204
1930
2613
2644
2915
2133
3030
2197
1022
2017
2355
2057
2458
2149
2515
394
794
644
1560
1904
1207
2556
1441
3951
1972
1163
617
1838
1231
3710
3340
2495
3668
1559
1002
512
2924
1786
708
461
2258
3956
3044
1152
1478
3881
3545
1703
2651
1465
735
1535
1323
1197
1757
3890
298
1828
3304
3691
1207
3797
3301
3538
3471
1888
268
3624
1084
1589
2472
1312
363
3424
2779
856
3867
3120
3134
3635
785
3363
2341
2837
1225
1456
609
2394
39
1616
2848
3507
2347
3945
975
3102
290
409
3231
545
1113
2395
1285
1826
3757
1401
987
2758
3582
1967
1093
1060
3810
1879
718
2885
2133
1495
2673
3003
1998
2307
339
1211
3181
2256
557
2840
1937
2742
2791
3038
3654
1184
2528
2471
3227
724
3274
413
2770
3449
275
2765
2736
3530
1470
2084
3796
3318
751
2409
324
305
3718
3990
1411
699
2787
405
448
75
1576
3667
871
3544
2812
259
1946
67
2123
2898
3739
292
747
2818
2784
1679
2169
2629
297
1827
3394
3992
3565
2223
382
409
2576
3169
3606
199
658
1932
806
1941
1857
694
3742
3370
558
3004
2626
3704
2141
3042
2385
566
3958
410
2723
3836
3576
2735
140
219
3821
3504
2557
1015
3321
1076
362
2019
2924
2190
3749
1271
439
1710
1865
1071
1851
2065
1075
803
829
1607
395
383
2069
3391
2657
30
390
849
1873
72
1704
743
681
3845
833
2697
2818
476
2866
3012
2505
2605
1677
2998
2402
2280
3333
2584
706
1352
574
1448
3483
751
3715
978
3221
2590
2742
3899
791
1905
1857
2090
964
310
1580
2548
1122
200
1960
1570
1143
1228
3112
2016
812
2951
1871
1540
3827
2266
3332
3769
2149
3451
290
1480
420
3153
3756
3554
3135
3820
286
2412
1780
1630
3518
616
2575
1114
3857
2908
3121
808
234
2849
2252
2817
1630
73
2634
2381
851
1070
2670
1847
2775
3955
1810
1194
2796
3066
1903
875
3073
194
2587
466
2300
2329
2061
2661
19
2182
2812
3219
2362
1676
3813
11
790
412
172
2134
880
2458
505
695
1093
1065
3267
1246
2363
310
1707
2275
782
126
3807
1925
841
2973
927
1055
3088
3636
1788
3843
3545
2198
2652
919
1563
2223
2683
233
3422
3506
2219
2223
2002
2269
124
1087
3068
3467
1046
1416
491
3094
515
2828
2057
486
714
2650
2509
2011
150
1804
2829
2611
2901
2746
2160
3864
2588
1496
3425
2569
232
1139
3552
1315
735
2148
3923
1868
1429
2830
794
1724
3914
1050
3904
2121
1905
1868
3181
685
492
3937
2136
310
3059
3784
1946
810
3315
634
1502
468
3859
3095
2676
3375
2545
414
1285
1358
2603
1993
2208
2982
282
771
2771
3129
2713
1831
3894
256
1283
1686
2561
1780
2394
1908
1245
3097
164
2240
152
1703
112
430
2994
342
2455
2851
53
3525
3357
2509
3841
327
150
3452
3397
2603
3589
3904
1962
551
512
1024
2281
1153
303
2676
221
1369
212
1088
723
661
3620
3726
3614
842
1331
1735
711
1221
1006
973
2401
2452
1442
2712
2682
2995
122
2891
1774
3318
2277
1074
1238
3024
566
3291
3229
3806
3653
526
2931
83
659
394
3227
1825
1898
1085
383
417
1987
1567
2531
3103
3074
1996
727
901
251
540
3526
354
3544
3745
3083
278
3250
988
2595
3549
3484
1980
765
629
3360
2965
3310
3790
3457
2777
2786
110
1599
3157
2189
2077
985
2027
1407
116
3629
359
1173
1821
3707
192
3180
2054
232
1773
3633
2056
2974
2113
2356
1871
1680
420
1083
2437
2810
3344
1843
3743
39
5
2529
1539
45
1161
3830
3252
1300
2272
800
2141
3860
1347
2590
1558
2363
2624
2028
3317
1229
3534
3420
756
486
3563
294
3706
2619
3157
790
2089
639
1217
1059
676
1441
827
1088
1979
3058
218
3852
2772
2981
927
452
2232
2128
874
344
1527
334
2361
1018
312
3814
3551
3282
1473
1479
1948
591
2592
2506
2046
1785
3220
2777
2100
3778
3579
3598
2315
2906
2328
660
3559
354
3072
3722
1183
2072
3842
1510
3094
753
529
3542
946
2629
2767
3553
2362
2659
2519
2796
1808
1317
1415
1177
297
223
1673
3978
3013
1361
1820
2499
3632
1340
3139
3790
2388
3505
1322
3319
2680
421
3121
3927
1688
449
215
751
1954
3477
3043
1962
1771
1388
2033
3685
13
1115
1016
3179
3934
3668
1588
1112
2317
1367
1077
767
1467
1511
228
551
1203
2394
1772
816
647
202
3308
3155
1705
1770
2552
520
483
3922
2599
3969
404
3451
2109
1684
584
3238
2773
3094
722
3990
3370
2050
456
3134
1986
1720
1403
2325
856
3171
562
742
2084
1427
738
740
2409
2089
364
2619
3772
2673
2323
1346
2476
2089
216
1612
2705
1824
756
1501
1717
250
945
730
3866
2672
2118
473
2791
3156
557
1112
434
1682
2018
3689
3595
2418
1978
875
2659
3481
765
3092
3512
2447
994
234
2846
2012
2118
2353
683
2092
2569
1182
2783
562
69
298
2477
552
1707
2755
1131
692
28
2460
626
1158
33
1381
2162
2365
2343
2037
950
3338
2874
1955
3343
2061
1117
917
3519
2395
3331
1935
645
1825
1006
3085
2016
3938
3938
3660
2721
1692
1188
674
3282
3497
1652
3822
1948
2306
772
3114
2650
1917
3444
1277
3896
183
1964
1997
967
2476
3925
1809
3296
3459
3412
1477
146
2471
900
3670
362
2384
2959
2622
1150
2081
2729
1674
2294
1898
2569
2838
3191
1805
1604
2778
3373
1981
967
2621
1877
675
2577
1000
2532
3355
2988
1398
3031
1467
3142
3975
888
1427
1680
1652
1866
3375
2546
1564
3666
2970
1576
253
3906
3837
1374
3935
194
2725
1187
234
3165
963
2253
1143
1830
1356
1577
3236
1061
2113
2428
577
2049
73
1340
1736
3339
314
132
2794
2821
1142
3704
2403
302
2066
245
2479
3820
498
1876
1463
2772
848
3323
804
2200
540
159
1300
3694
2525
1051
1833
1624
3222
486
1599
3317
1635
2995
950
3236
803
3210
397
689
975
3551
144
1245
744
3564
3752
3822
1359
592
2673
3184
174
2179
3593
326
3156
1941
2563
594
1982
1474
2139
828
1137
1011
1093
1570
3267
1653
3294
3485
3481
3374
132
715
1579
3809
3809
734
2564
608
899
3841
1350
3401
679
34
3082
2718
1747
545
1061
1637
2531
1779
1862
1272
90
243
411
3338
2587
3622
20
1944
1904
3625
3903
3879
2567
3130
3634
2047
3421
2879
2312
3043
1938
3670
1698
2540
92
1946
3887
3010
88
2319
2438
2326
3707
2507
784
1311
966
1153
546
399
2168
811
2280
3985
2365
2035
926
257
2789
318
2808
743
1135
854
833
2290
2372
2194
224
