218
2490
730
2527
961
2466
1961
1814
1433
2515
688
508
2668
127
528
1266
213
1805
2968
1318
1040
385
2176
29
2540
714
1777
872
1576
1510
571
1789
1003
1292
1321
1953
767
297
783
2184
2785
1463
2684
2465
1586
248
761
1795
2033
746
146
110
1126
2299
138
693
58
1896
1554
1617
447
2117
2940
1439
457
1754
436
1215
2046
1210
444
1870
2656
172
1381
1297
416
2132
149
2427
2867
293
2532
1061
2567
2666
1745
2622
1627
369
1309
2067
2463
1750
583
7
579
1013
1208
2602
2209
1646
1551
1936
2993
20
323
2223
2128
469
1731
2073
758
1347
234
412
1099
1960
122
2707
2322
1417
1871
1879
270
2445
1883
841
572
205
544
2756
1833
2077
1802
760
2093
2119
96
1335
2580
1809
526
470
283
757
876
1370
2695
996
1196
2140
2396
198
1150
2659
2616
168
646
338
370
1183
226
2183
399
2008
98
2469
1269
193
957
991
1981
1476
1454
2259
2893
2319
789
2064
481
1970
1360
32
2163
2495
2662
1935
2658
486
2267
212
1655
2487
2370
2048
1666
2464
1685
118
2652
2629
1098
1811
1289
2534
1248
2945
2032
2026
2733
2505
1184
1287
2533
536
968
2379
2449
814
77
1909
1022
1713
1590
589
962
462
253
2627
578
105
2455
1663
1895
2774
1402
363
2899
649
2366
1587
366
776
101
115
1305
1058
2467
974
1861
2976
112
2882
1485
1684
704
2434
2139
953
2288
2708
1055
1976
1612
192
191
264
551
1817
904
160
656
1265
927
754
1377
2216
1799
1094
456
918
886
566
1037
2352
2229
1732
2043
1630
2671
1594
1596
1004
839
483
1192
1027
742
1735
2747
1635
1890
769
187
109
1514
1548
2947
599
2771
2944
1505
812
617
2528
452
136
1555
2471
1747
2694
1366
645
2789
2194
1121
1007
534
1853
50
653
799
1919
1412
983
2024
244
2512
1633
835
2447
1688
2321
590
2295
2162
1036
2426
1045
827
1501
2749
2978
2136
2367
1697
2691
718
2222
2429
766
2838
2904
25
1622
1549
2025
1860
1398
1006
54
1186
45
2347
1768
2312
1857
167
2086
267
984
949
2729
517
443
2499
2192
1034
594
1775
824
1350
1997
1395
1373
992
321
770
228
1702
1763
280
275
1804
3
2021
1494
1838
2961
964
2100
565
1899
2255
1074
2335
2138
657
773
142
2410
2956
1475
1803
387
256
209
703
1016
433
2383
2696
709
85
2819
711
2081
881
2526
1676
1832
2039
2231
2846
1709
736
902
1267
1383
1664
1405
1214
681
315
449
2917
2717
654
2935
1569
1081
1567
1751
1780
1649
1161
2480
1171
2029
2442
295
1308
1926
2614
2530
1087
699
807
2337
2821
2782
1204
744
602
1513
2628
2535
2070
1830
869
1107
2575
2415
329
2144
1537
2577
2088
190
977
1998
2820
2810
1401
453
2182
2472
1142
485
2287
690
414
986
1423
1008
2478
2852
152
2038
1916
1010
651
2296
2719
975
2897
2743
2430
1524
148
922
2703
622
694
2409
1068
384
2385
2193
862
2181
2488
2832
695
1818
2262
2990
1923
2579
250
1364
956
891
2839
2632
1852
650
1819
1807
2154
1962
278
727
137
2765
670
1191
1340
593
925
2189
317
1332
2903
2982
701
822
1681
177
780
1925
1523
1722
386
274
2492
2213
914
525
1584
630
53
1856
2887
188
2836
2007
1363
1721
189
2274
1481
501
1189
84
1490
2877
895
756
2051
2550
266
1165
2475
2842
2992
2589
2938
2334
235
2010
574
287
2959
1902
472
1855
1508
1816
1180
1692
1690
273
2591
496
355
1288
2350
1238
2792
2011
520
2292
802
2398
2872
2215
1200
1012
2165
1430
647
381
1710
2090
2258
2173
1575
2764
2635
398
731
951
667
550
2937
2571
1820
1424
2236
1493
1079
419
1426
1868
2393
1989
1729
739
665
1543
2148
1302
1917
1518
1047
1829
1348
288
899
637
680
1619
1574
1337
2159
2453
35
1650
2091
2240
823
855
354
2714
403
2207
2943
2107
643
259
1339
474
2823
943
2565
291
463
1015
2378
1349
1642
1244
668
917
2377
523
1593
320
2150
1385
261
692
2226
610
625
357
524
233
175
1157
488
1495
2340
2835
2843
1310
40
2264
60
606
1954
1679
1831
364
336
2111
879
1907
183
759
1032
441
1440
2829
1041
2054
1341
1556
2670
1511
466
530
2855
2065
286
921
1132
324
1535
2848
920
1243
626
510
1600
2830
379
2772
2723
559
1001
2278
2604
2984
2885
2017
36
1733
2624
2395
2778
2983
2249
1767
1645
887
480
567
2518
1993
1738
2110
1029
2254
425
421
1111
797
2473
1726
2406
2808
1166
147
1862
1570
2135
2766
1106
1291
1975
2112
2553
404
1687
359
1277
2157
2476
303
2883
473
2638
816
2309
2677
1230
2890
1429
1888
1281
607
2853
2856
751
1060
2511
712
786
779
1983
2611
723
734
2235
251
2524
117
246
2323
415
2230
326
2440
854
2741
1271
2520
538
558
2576
2722
1156
1035
2075
1893
2078
1764
482
740
420
2506
1323
2641
1051
194
2724
2895
308
2941
1980
716
2767
203
1343
409
1141
502
352
1669
2104
41
1353
102
2143
1312
1967
1025
967
360
1752
1380
683
2500
418
1717
2647
1773
1734
1468
1295
1614
2769
867
2797
1427
1268
871
2667
2736
455
894
2301
1787
993
638
1024
878
1647
2168
1231
1322
1284
1901
238
1694
2693
1386
2631
2548
792
634
765
2057
1486
514
2388
2424
2146
126
2289
2371
2630
2874
2634
1982
487
533
2298
88
459
17
1390
1723
1889
2256
1375
1399
2751
2109
2906
2167
2402
2861
2251
820
1839
885
1509
2514
2485
1761
976
1
2307
507
1952
104
1031
2901
2501
1480
784
1558
1190
660
1170
561
55
2470
2363
629
1873
652
1942
512
1458
1778
1382
972
2783
405
738
1934
2082
367
467
2245
2891
1987
1120
655
979
2698
2261
195
584
1384
2951
2125
1527
65
1255
2486
706
1221
1924
199
2186
1342
1155
49
2188
1880
18
200
306
477
557
2639
4
1658
1409
2080
1591
1636
2116
242
1075
2149
2510
659
2817
2568
143
2437
1388
125
2824
489
1444
2922
2960
1246
95
552
2330
395
1019
87
1148
1021
2889
1949
76
1387
2477
1213
1623
1410
2806
587
170
2931
2129
310
2087
2211
432
946
733
1851
1091
1258
2715
1182
1798
743
1568
929
2650
2325
1947
2761
1452
140
150
1797
1333
2914
2106
2037
464
1488
1822
1220
1790
8
1466
362
938
2244
1847
164
1573
1515
1326
1497
2294
2468
569
2933
2
632
2203
2349
768
163
1365
2955
51
836
870
506
2161
837
1705
410
843
1858
2036
2599
1652
1093
107
2284
2559
2014
2234
1162
609
1598
548
2265
413
563
2809
1167
722
1553
1408
1884
576
465
2985
2980
2787
1898
1441
2894
2316
1840
269
495
1477
374
70
2382
1759
1092
1588
577
2001
349
1175
1978
900
2926
662
1608
1137
277
595
1701
1878
75
2413
2380
1203
612
1903
91
2673
2155
2974
2572
1181
644
2092
1158
1716
952
2417
1827
2967
1130
358
2570
745
2561
2507
123
1278
858
2250
263
930
1000
493
380
1599
2612
468
860
2483
1727
2042
2062
2389
947
685
1629
1845
1788
2243
1432
56
1083
145
787
2763
2596
906
2099
1254
963
169
2282
1921
2669
2660
2755
1667
1293
959
2780
613
2849
2047
1930
2636
305
2158
185
2521
1187
1974
2881
568
1828
2862
923
2058
985
834
12
2574
998
2228
1730
2452
1285
604
1604
2461
1544
14
2373
2049
2083
373
675
1769
832
2297
1776
343
764
3000
1772
2687
311
157
1256
2654
2386
2727
1525
312
81
1963
2598
2232
2712
219
1796
840
232
2362
1784
2315
2697
2353
1467
1583
2200
710
2529
475
2833
1177
1270
1225
1329
2718
2460
2180
2952
1950
1968
592
1104
1905
301
438
1972
865
1261
82
1259
1109
2343
2892
1673
2915
1927
1334
515
1770
208
1418
2601
1864
1990
1530
735
292
603
1237
1023
1557
237
527
1874
531
955
2738
2102
619
1133
1810
2946
1607
1445
2241
924
2130
1456
2326
2035
99
2675
1115
1522
2013
1059
687
995
2834
348
1781
1693
2637
2435
1253
2798
1892
2878
1706
960
314
2508
1815
2606
268
1580
2768
2989
1131
1835
1813
1616
1846
2324
1984
1585
460
339
484
555
679
2218
628
1245
347
341
806
2793
2803
2692
124
1374
2828
1195
1234
2423
2166
2613
1317
509
2286
2918
2866
2331
601
1571
1848
1050
216
2121
103
880
1503
2642
2369
1160
1491
2341
356
615
1985
476
2187
648
171
2394
1451
1053
1718
2401
1639
2283
1641
2311
220
69
173
1138
1096
383
2753
1194
2217
1964
440
388
2587
15
309
435
2686
1455
2513
2923
1038
1065
1296
2281
1699
2411
1755
2338
808
2164
1011
2198
371
1618
1753
1662
121
2633
2737
2305
705
186
1582
788
1933
2431
1211
803
987
674
450
588
302
1932
2600
940
818
2419
247
201
1263
1504
2342
221
2665
2811
2886
2884
2555
1389
2479
2214
2260
1695
852
2840
2498
2503
1154
61
2754
1589
635
1473
2640
2988
1134
1951
2758
1372
2372
227
2190
2925
2615
793
401
2059
499
2023
2776
2700
1247
831
2812
2746
2433
1785
2279
2996
553
2457
2859
1172
2987
1435
2516
1235
2248
958
1229
1542
1431
2544
1637
1534
2365
671
1910
982
478
1631
1397
2994
1043
2674
1064
877
276
1572
2779
815
970
2709
2053
1090
598
1224
978
2609
2332
1613
1168
1628
1887
129
939
1069
1986
2306
1800
1249
2391
492
1605
1824
2399
42
2786
1519
1072
1499
2689
725
2356
2308
2678
1678
2253
2913
901
1911
1739
2266
1421
299
2562
2760
66
2911
942
2750
2546
406
1362
608
866
257
2113
2392
798
429
2608
2016
1378
908
255
361
999
1867
2273
2752
1850
254
1724
1765
546
2784
2854
2621
1393
549
2644
389
2285
92
980
1561
342
1783
1945
1119
791
2569
717
666
1193
1703
2333
2685
542
1300
2603
1700
1806
426
2497
1078
153
2291
454
2875
864
564
2197
2354
1660
1959
1105
2619
720
79
1826
1465
2212
1638
936
2027
108
729
63
636
1900
375
1918
1257
2822
2094
224
1198
1415
2320
1159
332
33
2970
888
2276
916
1691
1414
442
861
1283
2012
59
2827
1303
392
585
6
2958
1882
1578
1438
1720
2400
1644
73
407
181
728
1471
158
1482
2539
2141
1651
582
2936
1459
1018
1653
1760
2625
2930
135
2953
893
516
1033
896
954
1070
2554
616
801
2160
2002
2681
1403
1547
2815
89
230
1683
22
1994
1460
1286
249
2345
1801
2441
427
458
1404
1689
909
2734
1057
1436
1062
1736
1610
1657
2355
1219
1686
281
1392
1865
2364
1479
1714
2661
1762
2676
2908
935
236
2004
2735
1470
620
2196
2127
2115
1782
933
144
23
2537
2066
2242
298
2865
2421
2942
1564
2545
2390
778
2481
1707
1108
1625
284
2869
663
2436
1837
1771
322
2233
817
2170
1908
774
1609
897
911
2556
479
1394
804
1929
707
973
2074
849
2272
1084
1179
2949
1228
1675
391
1048
2799
9
16
1260
2056
328
316
1793
1082
1411
2702
2006
162
611
74
2210
580
853
2079
2552
1188
763
1123
2950
989